CONTRACT_ADDRESS=0x21Be1D69A77eA5882aCcD5c5319Feb7AC3854751
PRIVATE_KEYS=0x1,0x2
ZERO_REFERRER=0x0000000000000000000000000000000000000000
DESIRED_PRIORITY_GWEI=0.000145106
DESIRED_MAX_GWEI=0.001349
CHECKIN_LOG=checkin_log.txt
